image_width: 640
image_height: 480
camera_name: TOF_ES_21781335
camera_matrix:
  rows: 3
  cols: 3
  data: [694.476204, 0.000000, 341.942690, 0.000000, 692.382156, 227.471231, 0.000000, 0.000000, 1.000000]
distortion_model: plumb_bob
distortion_coefficients:
  rows: 1
  cols: 5
  data: [-0.457383, 0.234378, -0.006215, -0.001038, 0.000000]
rectification_matrix:
  rows: 3
  cols: 3
  data: [1.000000, 0.000000, 0.000000, 0.000000, 1.000000, 0.000000, 0.000000, 0.000000, 1.000000]
projection_matrix:
  rows: 3
  cols: 4
  data: [619.478088, 0.000000, 346.044490, 0.000000, 0.000000, 649.642517, 223.430471, 0.000000, 0.000000, 0.000000, 1.000000, 0.000000]
